23
27
94
41
71
16
77
65
22
95
41
47
32
98
19
22
19
41
72
33
61
98
46
86
89
21
83
11
58
75
88
76
99
59
11
67
72
29
52
63
66
11
55
53
65
48
44
31
35
26
78
62
44
93
58
91
85
32
81
14
79
34
61
44
54
58
87
93
99
24
18
79
64
69
83
28
96
94
69
87
88
32
38
27
17
29
23
56
96
24
11
78
18
82
86
57
54
79
83
92
53
25
84
69
98
18
45
49
82
29
54
53
69
24
55
22
62
44
36
74
61
45
87
38
38
54
88
65
35
99
12
88
95
11
21
11
68
52
69
69
82
41
22
52
58
74
63
23
32
16
62
43
84
33
53
15
64
37
84
71
46
59
44
86
34
11
55
44
92
33
94
91
22
33
68
65
97
92
35
57
24
93
33
98
63
55
14
48
31
37
59
99
12
33
92
53
86
53
71
68
23
98
32
99
27
14
18
93
83
74
91
73
49
15
88
11
66
61
97
26
76
77
42
87
59
41
22
64
24
71
53
93
16
55
91
77
66
38
77
46
74
48
51
97
59
66
33
23
98
62
26
92
16
67
95
34
69
44
77
95
51
49
35
49
65
71
94
38
62
95
58
11
57
77
72
38
35
16
92
69
89
19
34
49
39
35
45
54
53
67
89
11
57
95
88
66
98
38
19
86
88
21
56
33
53
78
54
32
23
54
11
53
66
25
21
96
38
16
49
98
61
58
63
89
94
62
83
11
47
58
56
89
61
26
59
99
69
45
22
68
53
67
38
46
27
66
85
54
66
45
44
35
91
35
85
54
77
33
89
77
29
35
55
86
78
48
43
68
59
21
92
24
11
86
99
42
45
56
87
81
11
99
76
43
53
14
36
61
28
22
92
91
32
36
43
94
33
84
33
28
93
47
74
33
76
44
26
43
88
98
14
45
52
13
58
75
96
97
86
72
32
93
19
18
98
47
87
98
62
17
59
21
15
32
22
61
73
89
24
69
94
24
23
15
12
75
65
74
71
88
16
93
22
45
13
32
27
45
14
59
92
15
37
93
41
16
99
81
31
46
98
89
35
61
94
34
77
61
92
33
41
51
98
66
66
65
13
11
81
19
38
92
45
51
48
64
56
16
28
23
62
81
59
81
23
91
86
83
78
57
76
88
99
61
88
32
88
82
74
13
58
25
92
45
16
14
29
93
73
44
98
13
14
93
58
55
84
99
14
85
83
34
26
79
32
88
32
23
93
84
51
58
76
44
52
27
42
28
87
91
56
22
64
49
26
89
25
95
78
21
24
79
36
34
39
65
82
62
21
53
41
31
24
46
23
26
78
79
68
25
91
13
57
29
44
47
45
26
19
98
81
86
69
65
99
33
59
76
19
33
81
56
17
77
64
28
83
22
56
73
42
34
69
16
39
31
22
31
38
49
44
72
85
18
18
17
55
84
26
42
26
51
68
38
98
53
12
54
37
93
24
95
88
91
85
99
78
86
11
34
93
28
44
42
65
15
23
53
43
26
28
91
34
31
71
47
83
62
69
67
41
42
69
73
72
76
45
41
52
82
55
39
96
77
11
15
43
34
88
41
21
61
93
27
72
24
42
75
86
21
61
82
15
33
62
94
48
11
97
44
23
97
87
26
92
61
61
48
28
75
82
84
44
83
22
17
98
15
98
33
36
55
52
99
96
61
34
25
61
46
43
64
16
61
53
99
37
39
87
91
74
38
34
16
62
11
31
45
49
19
25
69
11
21
83
84
12
76
68
75
32
71
82
53
67
71
97
93
83
86
52
42
74
58
23
23
86
86
97
16
44
88
78
26
51
61
16
88
81
74
84
98
21
91
43
97
58
31
47
88
65
34
49
99
99
33
93
54
62
77
27
24
34
36
14
68
64
21
67
79
29
77
96
71
29
41
57
64
33
77
47
22
83
12
67
73
76
47
61
55
65
88
35
46
82
91
67
22
58
97
89
66
49
47
88
22
36
23
85
18
39
49
31
71
47
38
69
53
52
87
88
23
65
93
25
66
54
17
35
26
99
43
62
81
23
41
21
33
85
55
56
85
41
57
25
39
94
43
25
28
85
25
34
96
64
41
24
36
96
96
27
71
62
83
53
11
44
79
88
11
25
81
43
68
21
76
53
87
62
38
51
32
81
16
26
39
52
35
78
33
17
11
88
78
22
95
17
47
88
32
47
91
93
66
19
68
71
85
57
83
56
17
54
83
22
78
62
22
97
99
65
84
86
35
89
21
11
83
51
22
