23
28617
9964474
461
74181
15266
7
6568495
2
965
45941
447
312
99628
1785189
22
19
4211
736282
34313
675442
996698
46
865196
89
2431
8381283
124682
598
735
8
7581726
929
5319319
1
61677647
722
23499
5442
653
6
1
5
53
65
48347618
4
39781
37165
236
7588
622
424
92523
54328558
971
8725
36432
821
14
714779
364
641
44
5664
516678
837457
9373
971349
244
19648
7569
69514
668349
83
252868
976
92444534
68919
8157
874558
32
3148
27
1147
22229
22723
5986
936
2184
161
758
188
8222
86
57
5662754
799
8816763
928712
5433
219535
83294
6774659
9558
1158
4855
47669
872
29639
5254
5713
699
294
5
23792
6762
4
362896
744
61
43615
8347
3978
3688
57584
8
625
369545
99329
16112
8
925
1
2473891
1
68
52582
69
645999
896342
41
292
52222
5328
757954
63
293
38
82226
6362
43
81434
3
5912543
84335
644
3547
8114
732891
46
572579
4
86
384
138991
5
4524
9522
393
9224
941
2412
3318823
648
65
963697
924232
3441175
5768267
2554
95933
33
9168
653
5
164
48
3541
38917
582139
949
12
3
9212
585823
8256
533
7111
6188
24824643
99338
3972
9
24427
163774
8658
9953
88753
74
91
73173
451829
12945
87198
1591
6196
661
946737
26
7566
797687
418
898937
58169
49621
2522
66844
263914
76841
553
933333
196
53535
966341
787
6
382628
777
41916
744
498
521
92827
59
66
3
29253
952518
6592
27616
92
18636
65759947
9345
354
679839
443124
747
92555
5688712
47239
36455
4551879
6215
71
99524
37718
6952
91565
56458
138431
56889677
7
72
38
3985
14346
982
646719169
869
161969
395634
425439
31769
36495
4865
5914
5313
6197
813663529
171411
5127
9875
81838
63384266
9223848
3358
1359
86
8128
2531
54956
33
553
7421688
51554
3452
259653
514
1
51593
6822286
275
2271
9766
39578
11846
49
957368
61
5498
68723
8419
9934
657482
846873
1992491
44947
519618
54366
89
6671
276
59269
9
69
4436495
2
66588
593
672667
328
45816
277
6
82125
53644
6
475
4684
379867385
915961
3262275
895
5365944
7417
373
8569
717
2639
365
56975
8247656
798
486338
481173
618
589599
21
982
2797894
1431
8986
9
42
49695
5994476
8977
81
171
9
7129356
49453
531733
14
33818336
681
2188
2662
9382
9281
347268
342396
463
9234
395163
884
364843
28
94971363
417
76327294
3973
736
49194
216
4173
8
9358
875844
42745
522
13
52348
725
929416
9777
836
752
34922
93
1539
16678
96488
487
837
932498
6982
1837
5459
21
175
398722
2592
6451
7773743
8889
284
6412369
914
24
273
1613325
1462
795
6775
74824
751
87861568
15166
93
292
4625165
1363
36682
265357
41625
15754
59
9752
1785
347
93
43211
17526
9
8521
32961
421556
928
823439
359925
6621
98254
3934
757
641
92
3
4361
521
988
646
636
65
11853
1741
8822
89
388
932
415325
59881
43594538
64
596
16
288
223
672
891
599
816221
27678383
9431
86
8123
73648
577
716
86168
9
618511
8
3472
8268
8272
7254
86223
58
25
97352
45
1396
1199554
269
913
767393
44494
9888
12823
14
95493
57828
5
859634
9349
84
86235
8973
314
276
7649
31222
8738
3488
29833
953
86584
521
52648
756
4
5262
27
42
218
897
9681
56
2
62464
4529
266
852639
287775
985
7948
2531
234
73347259
3256
318364
39
66565
8834272
67462
27831
513
49721
333191
2324
4216
2313
22286
75778
799
613718
2745
9871
111943
51828297
25629
422744
42517
45
2876
12369
98978
8759681
86
6539
6715
959
3
59
77156
189
352773
825921
5196
11867
7
64
298
88773
2
5466
7133
482
3974
6319
14376
37319
3376851
272
335561
38
469
41734
732612
8535
178
16138
147
5757155
8554
2556
413242
26
53391
68
3538
978
593
12
55714
38947
946863
254
9673595
85238
91
8315
9966539
7728
896
111
34
97823
2118
43744
42
6515
85
23
51983
435563
256
238
9852271
344
346892
791
4667
83
6932
6589
658917
498721
4822
6339
73
778
73756
485
421
5662
8122
5835
319799
959486
798977
1821
15
45683
3964
88
4361
21
6371
92183
236337
78
298294
442
784765
85656
261
61
811622
14475
35593
68
9844
458
1
917
4
27413
91397
89197
26866
9435382
6811
6581
448
2952158
7955295
822
8514
444
854493
22
15567147
98
178725
97458
32473
3596
5
53482
9
9646
6471
33274
27512615
61
4516
4644873
684834
13829956
665721
54623
9
31397
3579
83684997
921
724
386178
36694
115724726
6747662
1781
381
4175
449
19
25
679449
141
231
8223
8314
18592
76716
618
7555
33152
76121
89742
53
62127
7971
927
954533
88143
8886
5229372
42852632
71454
588238
298253
293
87686
8876
9399337
1916
4284
858958
78
26
59831
6511
116
8878
8741
72384
84
98
23562
9249732
463
9177
5228248
31
45567
862348
62195
374
445589
9
9
38663
9893
564
62
798287
27
213174
376124
314426
1734
69568
6334
237191
677
739
2489
717
96
721
249
46671
53137
614234
33473
7725977
47
2595972
8983
14492
627
71823
7156
45147
699151
5
6295
838
315
4286
88
91
69817
23152
5992638
9317
841719
6
42859
4787
8288
212
3976
2793
845
158
3428859
4459
389531
71
49719997
338
69879
52253
53695962
8126977
8318
226473
6935
9273
23665
637756
57524
167767
3615
256
94999
413
6252
84141
23
41
281
343
8955
55
557386
8475
4511441
56337
21345
35619
94
42913
284755
2138
8352355
26575
3174
951516
6424
491
2313964
3556
986
932356
257
71
631642
83
53
124891
4
71339
8
11421
29485
81
47843
698
271
7483116
56463
8827
64288
36978
5766261
3552
8841
1196
26
319
5472772
3525
71498
36113
133617
1
8
772948
2
9545955
197
47857
85778
3362
47
9221
93
646
1269
65978
724911
8185
59867
854633
535856
17
54
8916183
22
77548
68262
2652
917
9
68929945
814
85626
395
81169
251961
17241
813
52851
2
